{
 "cells": [
  {
   "cell_type": "code",
   "execution_count": 1,
   "metadata": {},
   "outputs": [],
   "source": [
    "from ortools.linear_solver import pywraplp\n",
    "from ortools.sat.python import cp_model\n",
    "from search_engine.trip_planner.trip_classes.Item import Item\n"
   ]
  },
  {
   "cell_type": "code",
   "execution_count": 2,
   "metadata": {},
   "outputs": [],
   "source": [
    "import numpy as np\n",
    "import pandas as pd"
   ]
  },
  {
   "cell_type": "code",
   "execution_count": 110,
   "metadata": {},
   "outputs": [],
   "source": [
    "path =  ['architecture',\n",
    "           'historic',\n",
    "           'architecture',\n",
    "           'religion',\n",
    "           'historic',\n",
    "           'religion',\n",
    "           'sport',\n",
    "           'religion',\n",
    "           'sport',\n",
    "           'historic',\n",
    "           'religion',\n",
    "           'historic',\n",
    "           'architecture',\n",
    "           'architecture',\n",
    "           'historic',\n",
    "           'historic',\n",
    "           'religion',\n",
    "           'religion',\n",
    "           'architecture',\n",
    "           'architecture',]"
   ]
  },
  {
   "cell_type": "code",
   "execution_count": 111,
   "metadata": {},
   "outputs": [],
   "source": [
    "path =   ['cultural',\n",
    "           'sport',\n",
    "           'sport',\n",
    "           'sport',\n",
    "           'hotel',\n",
    "#            'food',\n",
    "#            'food',\n",
    "#            'food',\n",
    "#            'food',\n",
    "#            'food',\n",
    "#            'food',\n",
    "#            'food',\n",
    "#            'food',\n",
    "#            'food',\n",
    "#            'food',\n",
    "           'shop',\n",
    "           'shop',\n",
    "           'architecture',\n",
    "           'cultural',\n",
    "           'cultural',\n",
    "           'cultural',\n",
    "           'cultural',\n",
    "           'cultural',\n",
    "           'cultural',\n",
    "           'shop',\n",
    "           'shop',\n",
    "           'sport',\n",
    "           'shop',\n",
    "           'cultural',\n",
    "           'cultural',\n",
    "           'architecture',\n",
    "           'architecture',\n",
    "           'architecture',\n",
    "           'architecture',\n",
    "           'architecture',\n",
    "           'architecture',\n",
    "           'architecture',\n",
    "           'architecture',\n",
    "           'architecture',\n",
    "           'cultural',\n",
    "           'cultural',\n",
    "           'cultural',\n",
    "           'architecture',\n",
    "           'sport',\n",
    "           'sport',\n",
    "           'sport',\n",
    "           'sport',\n",
    "           'sport',\n",
    "           'sport',\n",
    "           'architecture',\n",
    "           'sport',\n",
    "           'sport']\n"
   ]
  },
  {
   "cell_type": "code",
   "execution_count": 112,
   "metadata": {},
   "outputs": [],
   "source": [
    "\n",
    "items = [Item(\"religion\",{\"name\":\"\",\"id\":\"N976474174\",\"coordinate\":{'lat': 41.00449, 'lon': 28.852695},\"guestrating\":\"3\"}),\n",
    "            Item(\"religion\",{\"name\":\"\",\"id\":\"N4504319791\",\"coordinate\":{'lat': 41.006756, 'lon': 28.915522},\"guestrating\":\"3\"}),\n",
    "            Item(\"religion\",{\"name\":\"\",\"id\":\"Q1551419\",\"coordinate\":{'lat': 40.996113, 'lon': 28.928612},\"guestrating\":\"3\"}),\n",
    "            Item(\"food\",{\"name\":\"\",\"id\":\"N5666215271\",\"coordinate\":{'lat': 40.978504, 'lon': 28.850727},\"guestrating\":\"1\"}),\n",
    "            Item(\"religion\",{\"name\":\"\",\"id\":\"W308038550\",\"coordinate\":{'lat': 41.006027, 'lon': 28.922728},\"guestrating\":\"3\"}),\n",
    "            Item(\"cultural\",{\"name\":\"\",\"id\":\"N415157636\",\"coordinate\":{'lat': 41.005661, 'lon': 28.975103},\"guestrating\":\"7\"}),\n",
    "            Item(\"food\",{\"name\":\"\",\"id\":\"N1785651799\",\"coordinate\":{'lat': 40.978992, 'lon': 28.850582},\"guestrating\":\"1\"}),\n",
    "            Item(\"religion\",{\"name\":\"\",\"id\":\"N4942262672\",\"coordinate\":{'lat': 41.004036, 'lon': 28.927195},\"guestrating\":\"3\"}),\n",
    "            Item(\"food\",{\"name\":\"\",\"id\":\"N5666189576\",\"coordinate\":{'lat': 40.978645, 'lon': 28.850765},\"guestrating\":\"1\"}),\n",
    "            Item(\"religion\",{\"name\":\"\",\"id\":\"W329087345\",\"coordinate\":{'lat': 41.003357, 'lon': 28.928682},\"guestrating\":\"3\"}),\n",
    "            Item(\"historic\",{\"name\":\"\",\"id\":\"N415157636\",\"coordinate\":{'lat': 41.005661, 'lon': 28.975103},\"guestrating\":\"7\"}),\n",
    "            Item(\"food\",{\"name\":\"\",\"id\":\"N5666329959\",\"coordinate\":{'lat': 40.978336, 'lon': 28.850857},\"guestrating\":\"1\"}),\n",
    "            Item(\"cultural\",{\"name\":\"\",\"id\":\"N4966376521\",\"coordinate\":{'lat': 41.045597, 'lon': 28.896212},\"guestrating\":\"3\"}),\n",
    "            Item(\"food\",{\"name\":\"\",\"id\":\"N5666244311\",\"coordinate\":{'lat': 40.978725, 'lon': 28.850624},\"guestrating\":\"1\"}),\n",
    "            Item(\"historic\",{\"name\":\"\",\"id\":\"W23272340\",\"coordinate\":{'lat': 40.99279, 'lon': 28.922642},\"guestrating\":\"3\"}),\n",
    "            Item(\"shop\",{\"name\":\"\",\"id\":\"N5175230621\",\"coordinate\":{'lat': 40.979065, 'lon': 28.854675},\"guestrating\":\"1\"}),\n",
    "            Item(\"cultural\",{\"name\":\"\",\"id\":\"Q5461957\",\"coordinate\":{'lat': 40.972599, 'lon': 28.782539},\"guestrating\":\"3\"}),\n",
    "            Item(\"historic\",{\"name\":\"\",\"id\":\"Q6078807\",\"coordinate\":{'lat': 40.993099, 'lon': 28.886101},\"guestrating\":\"3\"}),\n",
    "            Item(\"food\",{\"name\":\"\",\"id\":\"N1934747147\",\"coordinate\":{'lat': 40.978352, 'lon': 28.850954},\"guestrating\":\"1\"}),\n",
    "            Item(\"food\",{\"name\":\"\",\"id\":\"N1380962608\",\"coordinate\":{'lat': 40.958549, 'lon': 28.838911},\"guestrating\":\"3\"}),\n",
    "            Item(\"historic\",{\"name\":\"\",\"id\":\"Q6091148\",\"coordinate\":{'lat': 40.961559, 'lon': 28.81106},\"guestrating\":\"3\"}),\n",
    "            Item(\"food\",{\"name\":\"\",\"id\":\"W201265843\",\"coordinate\":{'lat': 40.958874, 'lon': 28.836594},\"guestrating\":\"3\"}),\n",
    "            Item(\"cultural\",{\"name\":\"\",\"id\":\"W315607041\",\"coordinate\":{'lat': 40.964237, 'lon': 28.799963},\"guestrating\":\"3\"}),\n",
    "            Item(\"shop\",{\"name\":\"\",\"id\":\"W162139987\",\"coordinate\":{'lat': 40.977695, 'lon': 28.873381},\"guestrating\":\"2\"}),\n",
    "            Item(\"food\",{\"name\":\"\",\"id\":\"W276462508\",\"coordinate\":{'lat': 40.97332, 'lon': 28.793959},\"guestrating\":\"2\"}),\n",
    "            Item(\"hotel\",{\"name\":\"\",\"id\":\"487455\",\"coordinate\":{'lat': 40.9756, 'lon': 28.857127},\"guestrating\":\"8.0\"}),\n",
    "            Item(\"shop\",{\"name\":\"\",\"id\":\"N5667655700\",\"coordinate\":{'lat': 40.995377, 'lon': 28.909706},\"guestrating\":\"2\"}),\n",
    "            Item(\"cultural\",{\"name\":\"\",\"id\":\"Q776353\",\"coordinate\":{'lat': 41.007801, 'lon': 28.9431},\"guestrating\":\"3\"}),\n",
    "            Item(\"food\",{\"name\":\"\",\"id\":\"N1934747999\",\"coordinate\":{'lat': 40.978233, 'lon': 28.851028},\"guestrating\":\"1\"}),\n",
    "            Item(\"shop\",{\"name\":\"\",\"id\":\"W388925021\",\"coordinate\":{'lat': 40.995335, 'lon': 28.909763},\"guestrating\":\"2\"}),\n",
    "            Item(\"cultural\",{\"name\":\"\",\"id\":\"N1037084486\",\"coordinate\":{'lat': 40.964157, 'lon': 28.826265},\"guestrating\":\"3\"}),\n",
    "            Item(\"shop\",{\"name\":\"\",\"id\":\"W162064941\",\"coordinate\":{'lat': 40.974113, 'lon': 28.868027},\"guestrating\":\"2\"}),\n",
    "            Item(\"shop\",{\"name\":\"\",\"id\":\"N3536651095\",\"coordinate\":{'lat': 40.974094, 'lon': 28.867846},\"guestrating\":\"2\"}),\n",
    "            Item(\"historic\",{\"name\":\"\",\"id\":\"W619276340\",\"coordinate\":{'lat': 40.993034, 'lon': 28.92271},\"guestrating\":\"3\"}),\n",
    "            Item(\"food\",{\"name\":\"\",\"id\":\"N5666299648\",\"coordinate\":{'lat': 40.978416, 'lon': 28.8508},\"guestrating\":\"1\"}),\n",
    "            Item(\"food\",{\"name\":\"\",\"id\":\"N5666256910\",\"coordinate\":{'lat': 40.978672, 'lon': 28.849871},\"guestrating\":\"1\"}),\n",
    "            Item(\"historic\",{\"name\":\"\",\"id\":\"W23273442\",\"coordinate\":{'lat': 40.996471, 'lon': 28.921476},\"guestrating\":\"3\"})]"
   ]
  },
  {
   "cell_type": "code",
   "execution_count": null,
   "metadata": {},
   "outputs": [],
   "source": []
  },
  {
   "cell_type": "code",
   "execution_count": 113,
   "metadata": {},
   "outputs": [
    {
     "data": {
      "text/plain": [
       "['religion0',\n",
       " 'religion1',\n",
       " 'religion2',\n",
       " 'food3',\n",
       " 'religion4',\n",
       " 'cultural5',\n",
       " 'food6',\n",
       " 'religion7',\n",
       " 'food8',\n",
       " 'religion9']"
      ]
     },
     "execution_count": 113,
     "metadata": {},
     "output_type": "execute_result"
    }
   ],
   "source": [
    "path = [item.item_type+str(i) for i,item in enumerate(items)]\n",
    "path[:10]"
   ]
  },
  {
   "cell_type": "code",
   "execution_count": 133,
   "metadata": {},
   "outputs": [],
   "source": [
    "from collections import Counter\n",
    "groups = Counter([re.match(r\"([a-z]+)([0-9]+)\",p).groups()[0] for p in path])"
   ]
  },
  {
   "cell_type": "code",
   "execution_count": 134,
   "metadata": {},
   "outputs": [],
   "source": [
    "cij = [[0.0, 10.496, 8.629, 16.989, 17.194, 8.601, 17.232, 8.637, 10.56, 17.249, 10.606, 4.975, 15.22, 137.228, 130.027, 8.639, 8.634, 16.815, 15.24, 10.257, 8.679, 4.485, 8.722, 15.956, 14.402, 4.565, 8.929, 138.506, 16.09, 28.968, 14.006, 8.66, 138.501, 8.553, 14.767, 14.915, 8.652, 8.613, 10.557, 8.973, 10.282, 10.003, 124.566, 14.463, 10.003, 34.54, 12.285, 34.452, 9.242, 11.133, 109.93, 11.871], [10.496, 0.0, 6.145, 8.003, 8.055, 6.104, 8.219, 6.113, 0.075, 8.212, 2.073, 7.107, 5.796, 127.01, 127.426, 6.162, 6.156, 7.663, 5.907, 0.876, 6.144, 6.313, 6.214, 6.541, 5.013, 14.835, 4.59, 128.139, 6.931, 19.208, 3.686, 6.131, 128.168, 6.17, 5.366, 5.725, 6.18, 6.081, 2.047, 4.783, 0.89, 1.107, 121.696, 5.076, 0.996, 25.911, 3.821, 25.693, 2.583, 3.908, 107.495, 5.266], [8.629, 6.145, 0.0, 8.986, 9.262, 0.049, 9.222, 0.033, 6.149, 9.252, 4.525, 3.654, 7.756, 129.336, 123.3, 0.019, 0.012, 8.931, 7.7, 5.311, 0.05, 4.656, 0.114, 8.367, 7.076, 11.731, 1.571, 130.887, 8.297, 20.96, 7.896, 0.035, 130.807, 0.08, 7.372, 7.326, 0.041, 0.066, 4.511, 1.395, 5.308, 5.044, 117.691, 7.12, 5.15, 25.984, 4.959, 25.923, 3.562, 3.614, 103.275, 3.651], [16.989, 8.003, 8.986, 0.0, 0.362, 8.989, 0.242, 8.962, 7.93, 0.266, 6.716, 12.28, 2.242, 120.403, 120.625, 8.986, 8.987, 0.448, 2.106, 7.618, 8.941, 12.518, 8.94, 1.584, 2.989, 20.615, 8.147, 121.905, 1.078, 12.027, 4.978, 8.951, 121.832, 9.065, 2.643, 2.284, 8.983, 8.967, 6.768, 8.15, 7.586, 7.735, 114.791, 2.927, 7.804, 17.976, 4.768, 17.793, 7.896, 5.856, 100.813, 5.338], [17.194, 8.055, 9.262, 0.362, 0.0, 9.264, 0.301, 9.238, 7.981, 0.252, 6.846, 12.517, 2.261, 120.159, 120.783, 9.262, 9.264, 0.396, 2.149, 7.706, 9.218, 12.716, 9.219, 1.541, 3.051, 20.861, 8.385, 121.641, 1.145, 11.794, 4.914, 9.227, 121.573, 9.34, 2.69, 2.379, 9.26, 9.241, 6.899, 8.394, 7.674, 7.835, 114.941, 2.988, 7.9, 17.88, 4.937, 17.684, 8.06, 6.069, 100.982, 5.611], [8.601, 6.104, 0.049, 8.989, 9.264, 0.0, 9.225, 0.037, 6.108, 9.255, 4.492, 3.626, 7.748, 129.344, 123.347, 0.068, 0.061, 8.932, 7.694, 5.272, 0.086, 4.617, 0.16, 8.362, 7.065, 11.718, 1.534, 130.892, 8.295, 20.967, 7.871, 0.064, 130.812, 0.082, 7.362, 7.32, 0.09, 0.026, 4.477, 1.36, 5.269, 5.003, 117.738, 7.11, 5.109, 26.005, 4.944, 25.943, 3.521, 3.598, 103.322, 3.652], [17.232, 8.219, 9.222, 0.242, 0.301, 9.225, 0.0, 9.198, 8.146, 0.055, 6.951, 12.521, 2.442, 120.162, 120.504, 9.221, 9.223, 0.587, 2.315, 7.845, 9.177, 12.761, 9.175, 1.756, 3.206, 20.856, 8.389, 121.668, 1.288, 11.785, 5.148, 9.187, 121.594, 9.3, 2.855, 2.509, 9.218, 9.203, 7.004, 8.391, 7.812, 7.964, 114.665, 3.143, 8.032, 17.746, 5.008, 17.56, 8.137, 6.099, 100.699, 5.575], [8.637, 6.113, 0.033, 8.962, 9.238, 0.037, 9.198, 0.0, 6.116, 9.228, 4.491, 3.662, 7.727, 129.315, 123.315, 0.049, 0.043, 8.906, 7.672, 5.278, 0.051, 4.653, 0.129, 8.34, 7.046, 11.75, 1.537, 130.864, 8.271, 20.938, 7.862, 0.028, 130.784, 0.102, 7.342, 7.298, 0.068, 0.039, 4.477, 1.361, 5.275, 5.011, 117.705, 7.09, 5.117, 25.97, 4.928, 25.909, 3.529, 3.582, 103.29, 3.626], [10.56, 0.075, 6.149, 7.93, 7.981, 6.108, 8.146, 6.116, 0.0, 8.138, 2.036, 7.149, 5.721, 126.939, 127.373, 6.165, 6.16, 7.589, 5.833, 0.86, 6.146, 6.367, 6.216, 6.466, 4.94, 14.894, 4.59, 128.069, 6.857, 19.133, 3.612, 6.134, 128.097, 6.175, 5.292, 5.652, 6.183, 6.085, 2.012, 4.782, 0.872, 1.106, 121.641, 5.002, 0.999, 25.836, 3.762, 25.618, 2.588, 3.869, 107.443, 5.224], [17.249, 8.212, 9.252, 0.266, 0.252, 9.255, 0.055, 9.228, 8.138, 0.0, 6.956, 12.545, 2.43, 120.137, 120.541, 9.252, 9.253, 0.565, 2.305, 7.843, 9.207, 12.777, 9.206, 1.735, 3.199, 20.881, 8.412, 121.639, 1.282, 11.762, 5.124, 9.217, 121.566, 9.331, 2.846, 2.507, 9.249, 9.233, 7.008, 8.415, 7.81, 7.964, 114.701, 3.137, 8.032, 17.746, 5.019, 17.558, 8.147, 6.118, 100.738, 5.604], [10.606, 2.073, 4.525, 6.716, 6.846, 4.492, 6.951, 4.491, 2.036, 6.956, 0.0, 6.438, 4.698, 126.626, 125.422, 4.539, 4.535, 6.451, 4.752, 1.251, 4.511, 6.148, 4.569, 5.457, 3.868, 14.649, 2.972, 127.912, 5.702, 18.457, 3.626, 4.503, 127.899, 4.568, 4.24, 4.473, 4.553, 4.466, 0.052, 3.133, 1.226, 1.19, 119.706, 3.93, 1.301, 24.682, 2.042, 24.507, 1.402, 1.836, 105.478, 3.202], [4.975, 7.107, 3.654, 12.28, 12.517, 3.626, 12.521, 3.662, 7.149, 12.545, 6.438, 0.0, 10.715, 132.675, 126.107, 3.664, 3.659, 12.155, 10.704, 6.547, 3.704, 1.704, 3.747, 11.412, 9.937, 8.356, 4.132, 134.109, 11.461, 24.307, 10.056, 3.685, 134.06, 3.578, 10.282, 10.352, 3.677, 3.639, 6.398, 4.134, 6.562, 6.251, 120.562, 9.992, 6.301, 29.604, 7.75, 29.531, 5.045, 6.478, 106.045, 7.019], [15.22, 5.796, 7.756, 2.242, 2.261, 7.748, 2.442, 7.727, 5.721, 2.43, 4.698, 10.715, 0.0, 122.025, 122.673, 7.76, 7.76, 1.872, 0.194, 5.475, 7.718, 10.734, 7.735, 0.762, 0.831, 19.066, 6.64, 123.399, 1.166, 13.769, 2.805, 7.723, 123.361, 7.829, 0.458, 0.49, 7.762, 7.723, 4.75, 6.688, 5.442, 5.62, 116.862, 0.768, 5.678, 20.125, 2.967, 19.918, 5.993, 4.258, 102.833, 4.231], [137.228, 127.01, 129.336, 120.403, 120.159, 129.344, 120.162, 129.315, 126.939, 120.137, 126.626, 132.675, 122.025, 0.0, 135.134, 129.333, 129.336, 120.52, 122.016, 127.081, 129.289, 132.751, 129.278, 121.301, 122.835, 141.019, 128.544, 9.821, 121.218, 108.382, 123.351, 129.301, 7.296, 129.416, 122.474, 122.354, 129.328, 129.323, 126.675, 128.552, 127.053, 127.31, 129.516, 122.776, 127.327, 104.608, 124.983, 104.445, 127.986, 126.208, 127.961, 125.72], [130.027, 127.426, 123.3, 120.625, 120.783, 123.347, 120.504, 123.315, 127.373, 120.541, 125.422, 126.107, 122.673, 135.134, 0.0, 123.282, 123.289, 121.07, 122.491, 126.67, 123.264, 127.655, 123.186, 122.172, 123.164, 129.702, 124.187, 143.915, 121.586, 116.34, 125.47, 123.286, 141.81, 123.342, 122.936, 122.467, 123.26, 123.353, 125.459, 124.008, 126.644, 126.596, 6.526, 123.119, 126.713, 107.89, 123.634, 108.505, 125.695, 123.623, 20.125, 122.252], [8.639, 6.162, 0.019, 8.986, 9.262, 0.068, 9.221, 0.049, 6.165, 9.252, 4.539, 3.664, 7.76, 129.333, 123.282, 0.0, 0.007, 8.932, 7.704, 5.328, 0.044, 4.671, 0.096, 8.37, 7.081, 11.735, 1.586, 130.886, 8.298, 20.958, 7.906, 0.038, 130.805, 0.086, 7.376, 7.329, 0.022, 0.084, 4.525, 1.409, 5.324, 5.06, 117.673, 7.125, 5.166, 25.976, 4.966, 25.916, 3.579, 3.621, 103.256, 3.651], [8.634, 6.156, 0.012, 8.987, 9.264, 0.061, 9.223, 0.043, 6.16, 9.253, 4.535, 3.659, 7.76, 129.336, 123.289, 0.007, 0.0, 8.933, 7.704, 5.322, 0.047, 4.664, 0.103, 8.371, 7.08, 11.732, 1.581, 130.888, 8.299, 20.96, 7.903, 0.037, 130.807, 0.082, 7.376, 7.33, 0.029, 0.077, 4.521, 1.405, 5.319, 5.055, 117.68, 7.125, 5.161, 25.98, 4.964, 25.92, 3.573, 3.62, 103.264, 3.652], [16.815, 7.663, 8.931, 0.448, 0.396, 8.932, 0.587, 8.906, 7.589, 0.565, 6.451, 12.155, 1.872, 120.52, 121.07, 8.932, 8.933, 0.0, 1.756, 7.31, 8.888, 12.336, 8.89, 1.17, 2.656, 20.504, 8.025, 121.987, 0.749, 12.164, 4.56, 8.896, 121.923, 9.009, 2.297, 1.982, 8.93, 8.909, 6.504, 8.038, 7.278, 7.439, 115.235, 2.593, 7.504, 18.276, 4.55, 18.08, 7.67, 5.698, 101.26, 5.281], [15.24, 5.907, 7.7, 2.106, 2.149, 7.694, 2.315, 7.672, 5.833, 2.305, 4.752, 10.704, 0.194, 122.016, 122.491, 7.704, 7.704, 1.756, 0.0, 5.562, 7.661, 10.754, 7.676, 0.716, 0.904, 19.059, 6.614, 123.405, 1.027, 13.736, 2.983, 7.667, 123.363, 7.774, 0.541, 0.378, 7.706, 7.669, 4.804, 6.657, 5.53, 5.7, 116.681, 0.84, 5.761, 20.027, 2.967, 19.826, 6.026, 4.235, 102.648, 4.147], [10.257, 0.876, 5.311, 7.618, 7.706, 5.272, 7.845, 5.278, 0.86, 7.843, 1.251, 6.547, 5.475, 127.081, 126.67, 5.328, 5.322, 7.31, 5.562, 0.0, 5.307, 5.929, 5.375, 6.235, 4.658, 14.491, 3.747, 128.276, 6.565, 19.097, 3.751, 5.295, 128.287, 5.34, 5.026, 5.335, 5.345, 5.248, 1.217, 3.935, 0.032, 0.299, 120.951, 4.722, 0.256, 25.586, 3.167, 25.389, 1.766, 3.082, 106.729, 4.451], [8.679, 6.144, 0.05, 8.941, 9.218, 0.086, 9.177, 0.051, 6.146, 9.207, 4.511, 3.704, 7.718, 129.289, 123.264, 0.044, 0.047, 8.888, 7.661, 5.307, 0.0, 4.702, 0.081, 8.327, 7.039, 11.779, 1.563, 130.842, 8.255, 20.914, 7.871, 0.022, 130.761, 0.129, 7.334, 7.287, 0.045, 0.089, 4.498, 1.384, 5.304, 5.041, 117.654, 7.084, 5.148, 25.933, 4.926, 25.873, 3.561, 3.583, 103.239, 3.607], [4.485, 6.313, 4.656, 12.518, 12.716, 4.617, 12.761, 4.653, 6.367, 12.777, 6.148, 1.704, 10.734, 132.751, 127.655, 4.671, 4.664, 12.336, 10.754, 5.929, 4.702, 0.0, 4.766, 11.47, 9.919, 8.562, 4.568, 134.06, 11.608, 24.483, 9.637, 4.681, 134.044, 4.593, 10.283, 10.429, 4.689, 4.621, 6.101, 4.645, 5.951, 5.655, 122.09, 9.979, 5.673, 30.191, 7.8, 30.081, 4.768, 6.669, 107.603, 7.498], [8.722, 6.214, 0.114, 8.94, 9.219, 0.16, 9.175, 0.129, 6.216, 9.206, 4.569, 3.747, 7.735, 129.278, 123.186, 0.096, 0.103, 8.89, 7.676, 5.375, 0.081, 4.766, 0.0, 8.339, 7.061, 11.798, 1.629, 130.837, 8.261, 20.905, 7.915, 0.102, 130.755, 0.173, 7.354, 7.301, 0.076, 0.169, 4.556, 1.447, 5.371, 5.11, 117.577, 7.105, 5.217, 25.901, 4.956, 25.843, 3.631, 3.615, 103.161, 3.609], [15.956, 6.541, 8.367, 1.584, 1.541, 8.362, 1.756, 8.34, 6.466, 1.735, 5.457, 11.412, 0.762, 121.301, 122.172, 8.37, 8.371, 1.17, 0.716, 6.235, 8.327, 11.47, 8.339, 0.0, 1.592, 19.767, 7.313, 122.697, 0.606, 13.021, 3.394, 8.333, 122.652, 8.442, 1.219, 1.06, 8.371, 8.338, 5.509, 7.351, 6.203, 6.382, 116.346, 1.528, 6.44, 19.372, 3.681, 19.162, 6.74, 4.937, 102.349, 4.776], [14.402, 5.013, 7.076, 2.989, 3.051, 7.065, 3.206, 7.046, 4.94, 3.199, 3.868, 9.937, 0.831, 122.835, 123.164, 7.081, 7.08, 2.656, 0.904, 4.658, 7.039, 9.919, 7.061, 1.592, 0.0, 18.28, 5.893, 124.192, 1.917, 14.596, 2.349, 7.043, 124.158, 7.146, 0.373, 0.732, 7.084, 7.039, 3.92, 5.953, 4.626, 4.797, 117.369, 0.063, 4.857, 20.93, 2.19, 20.73, 5.169, 3.516, 103.304, 3.665], [4.565, 14.835, 11.731, 20.615, 20.861, 11.718, 20.856, 11.75, 14.894, 20.881, 14.649, 8.356, 19.066, 141.019, 129.702, 11.735, 11.732, 20.504, 19.059, 14.491, 11.779, 8.562, 11.798, 19.767, 18.28, 0.0, 12.479, 142.464, 19.815, 32.639, 18.192, 11.766, 142.417, 11.651, 18.629, 18.708, 11.742, 11.738, 14.604, 12.467, 14.513, 14.217, 124.374, 18.336, 14.235, 37.577, 16.1, 37.553, 13.248, 14.834, 109.579, 15.307], [8.929, 4.59, 1.571, 8.147, 8.385, 1.534, 8.389, 1.537, 4.59, 8.412, 2.972, 4.132, 6.64, 128.544, 124.187, 1.586, 1.581, 8.025, 6.614, 3.747, 1.563, 4.568, 1.629, 7.313, 5.893, 12.479, 0.0, 129.996, 7.336, 20.174, 6.44, 1.552, 129.941, 1.606, 6.221, 6.254, 1.602, 1.509, 2.955, 0.202, 3.742, 3.484, 118.542, 5.944, 3.593, 25.634, 3.708, 25.534, 2.015, 2.381, 104.186, 2.943], [138.506, 128.139, 130.887, 121.905, 121.641, 130.892, 121.668, 130.864, 128.069, 121.639, 127.912, 134.109, 123.399, 9.821, 143.915, 130.886, 130.888, 121.987, 123.405, 128.276, 130.842, 134.06, 130.837, 122.697, 124.192, 142.464, 129.996, 0.0, 122.662, 109.96, 124.526, 130.852, 2.565, 130.966, 123.839, 123.756, 130.883, 130.87, 127.96, 130.019, 128.249, 128.519, 138.191, 124.134, 128.527, 106.898, 126.366, 106.676, 129.294, 127.632, 136.055, 127.244], [16.09, 6.931, 8.297, 1.078, 1.145, 8.295, 1.288, 8.271, 6.857, 1.282, 5.702, 11.461, 1.166, 121.218, 121.586, 8.298, 8.299, 0.749, 1.027, 6.565, 8.255, 11.608, 8.261, 0.606, 1.917, 19.815, 7.336, 122.662, 0.0, 12.88, 3.938, 8.262, 122.604, 8.373, 1.566, 1.233, 8.298, 8.272, 5.755, 7.357, 6.532, 6.691, 115.764, 1.855, 6.756, 19.021, 3.813, 18.828, 6.928, 4.99, 101.758, 4.659], [28.968, 19.208, 20.96, 12.027, 11.794, 20.967, 11.785, 20.938, 19.133, 11.762, 18.457, 24.307, 13.769, 108.382, 116.34, 20.958, 20.96, 12.164, 13.736, 19.097, 20.914, 24.483, 20.905, 13.021, 14.596, 32.639, 20.174, 109.96, 12.88, 0.0, 15.547, 20.925, 109.859, 21.04, 14.226, 14.054, 20.954, 20.946, 18.508, 20.177, 19.066, 19.287, 110.251, 14.535, 19.325, 8.647, 16.683, 8.121, 19.762, 17.862, 97.007, 17.338], [14.006, 3.686, 7.896, 4.978, 4.914, 7.871, 5.148, 7.862, 3.612, 5.124, 3.626, 10.056, 2.805, 123.351, 125.47, 7.906, 7.903, 4.56, 2.983, 3.751, 7.871, 9.637, 7.915, 3.394, 2.349, 18.192, 6.44, 124.526, 3.938, 15.547, 0.0, 7.868, 124.541, 7.952, 2.538, 3.01, 7.916, 7.845, 3.663, 6.565, 3.725, 4.003, 119.663, 2.385, 4.004, 22.486, 3.192, 22.233, 5.01, 4.379, 105.621, 5.159], [8.66, 6.131, 0.035, 8.951, 9.227, 0.064, 9.187, 0.028, 6.134, 9.217, 4.503, 3.685, 7.723, 129.301, 123.286, 0.038, 0.037, 8.896, 7.667, 5.295, 0.022, 4.681, 0.102, 8.333, 7.043, 11.766, 1.552, 130.852, 8.262, 20.925, 7.868, 0.0, 130.771, 0.115, 7.338, 7.292, 0.05, 0.067, 4.489, 1.375, 5.292, 5.028, 117.676, 7.087, 5.135, 25.95, 4.927, 25.89, 3.547, 3.583, 103.261, 3.616], [138.501, 128.168, 130.807, 121.832, 121.573, 130.812, 121.594, 130.784, 128.097, 121.566, 127.899, 134.06, 123.361, 7.296, 141.81, 130.805, 130.807, 121.923, 123.363, 128.287, 130.761, 134.044, 130.755, 122.652, 124.158, 142.417, 129.941, 2.565, 122.604, 109.859, 124.541, 130.771, 0.0, 130.886, 123.803, 123.71, 130.801, 130.79, 127.947, 129.96, 128.26, 128.527, 136.119, 124.1, 128.537, 106.607, 126.327, 106.4, 129.276, 127.582, 134.164, 127.168], [8.553, 6.17, 0.08, 9.065, 9.34, 0.082, 9.3, 0.102, 6.175, 9.331, 4.568, 3.578, 7.829, 129.416, 123.342, 0.086, 0.082, 9.009, 7.774, 5.34, 0.129, 4.593, 0.173, 8.442, 7.146, 11.651, 1.606, 130.966, 8.373, 21.04, 7.952, 0.115, 130.886, 0.0, 7.443, 7.4, 0.1, 0.108, 4.553, 1.435, 5.337, 5.07, 117.735, 7.191, 5.175, 26.062, 5.025, 26.002, 3.586, 3.68, 103.315, 3.728], [14.767, 5.366, 7.372, 2.643, 2.69, 7.362, 2.855, 7.342, 5.292, 2.846, 4.24, 10.282, 0.458, 122.474, 122.936, 7.376, 7.376, 2.297, 0.541, 5.026, 7.334, 10.283, 7.354, 1.219, 0.373, 18.629, 6.221, 123.839, 1.566, 14.226, 2.538, 7.338, 123.803, 7.443, 0.0, 0.473, 7.379, 7.337, 4.292, 6.275, 4.994, 5.167, 117.133, 0.309, 5.227, 20.566, 2.531, 20.363, 5.537, 3.84, 103.084, 3.9], [14.915, 5.725, 7.326, 2.284, 2.379, 7.32, 2.509, 7.298, 5.652, 2.507, 4.473, 10.352, 0.49, 122.354, 122.467, 7.329, 7.33, 1.982, 0.378, 5.335, 7.287, 10.429, 7.301, 1.06, 0.732, 18.708, 6.254, 123.756, 1.233, 14.054, 3.01, 7.292, 123.71, 7.4, 0.473, 0.0, 7.331, 7.295, 4.525, 6.293, 5.303, 5.458, 116.666, 0.676, 5.525, 20.252, 2.631, 20.061, 5.719, 3.877, 102.613, 3.769], [8.652, 6.18, 0.041, 8.983, 9.26, 0.09, 9.218, 0.068, 6.183, 9.249, 4.553, 3.677, 7.762, 129.328, 123.26, 0.022, 0.029, 8.93, 7.706, 5.345, 0.045, 4.689, 0.076, 8.371, 7.084, 11.742, 1.602, 130.883, 8.298, 20.954, 7.916, 0.05, 130.801, 0.1, 7.379, 7.331, 0.0, 0.105, 4.539, 1.425, 5.341, 5.078, 117.651, 7.129, 5.184, 25.965, 4.972, 25.906, 3.597, 3.628, 103.234, 3.649], [8.613, 6.081, 0.066, 8.967, 9.241, 0.026, 9.203, 0.039, 6.085, 9.233, 4.466, 3.639, 7.723, 129.323, 123.353, 0.084, 0.077, 8.909, 7.669, 5.248, 0.089, 4.621, 0.169, 8.338, 7.039, 11.738, 1.509, 130.87, 8.272, 20.946, 7.845, 0.067, 130.79, 0.108, 7.337, 7.295, 0.105, 0.0, 4.452, 1.335, 5.245, 4.98, 117.743, 7.084, 5.086, 25.989, 4.917, 25.927, 3.497, 3.571, 103.328, 3.63], [10.557, 2.047, 4.511, 6.768, 6.899, 4.477, 7.004, 4.477, 2.012, 7.008, 0.052, 6.398, 4.75, 126.675, 125.459, 4.525, 4.521, 6.504, 4.804, 1.217, 4.498, 6.101, 4.556, 5.509, 3.92, 14.604, 2.955, 127.96, 5.755, 18.508, 3.663, 4.489, 127.947, 4.553, 4.292, 4.525, 4.539, 4.452, 0.0, 3.117, 1.193, 1.147, 119.744, 3.982, 1.259, 24.734, 2.092, 24.56, 1.359, 1.866, 105.515, 3.234], [8.973, 4.783, 1.395, 8.15, 8.394, 1.36, 8.391, 1.361, 4.782, 8.415, 3.133, 4.134, 6.688, 128.552, 124.008, 1.409, 1.405, 8.038, 6.657, 3.935, 1.384, 4.645, 1.447, 7.351, 5.953, 12.467, 0.202, 130.019, 7.357, 20.177, 6.565, 1.375, 129.96, 1.435, 6.275, 6.293, 1.425, 1.335, 3.117, 0.0, 3.931, 3.676, 118.366, 6.003, 3.786, 25.577, 3.776, 25.482, 2.211, 2.436, 104.004, 2.901], [10.282, 0.89, 5.308, 7.586, 7.674, 5.269, 7.812, 5.275, 0.872, 7.81, 1.226, 6.562, 5.442, 127.053, 126.644, 5.324, 5.319, 7.278, 5.53, 0.032, 5.304, 5.951, 5.371, 6.203, 4.626, 14.513, 3.742, 128.249, 6.532, 19.066, 3.725, 5.292, 128.26, 5.337, 4.994, 5.303, 5.341, 5.245, 1.193, 3.931, 0.0, 0.311, 120.924, 4.69, 0.279, 25.554, 3.136, 25.356, 1.766, 3.058, 106.702, 4.427], [10.003, 1.107, 5.044, 7.735, 7.835, 5.003, 7.964, 5.011, 1.106, 7.964, 1.19, 6.251, 5.62, 127.31, 126.596, 5.06, 5.055, 7.439, 5.7, 0.299, 5.041, 5.655, 5.11, 6.382, 4.797, 14.217, 3.484, 128.519, 6.691, 19.287, 4.003, 5.028, 128.527, 5.07, 5.167, 5.458, 5.078, 4.98, 1.147, 3.676, 0.311, 0.0, 120.884, 4.861, 0.122, 25.71, 3.191, 25.52, 1.487, 2.977, 106.647, 4.351], [124.566, 121.696, 117.691, 114.791, 114.941, 117.738, 114.665, 117.705, 121.641, 114.701, 119.706, 120.562, 116.862, 129.516, 6.526, 117.673, 117.68, 115.235, 116.681, 120.951, 117.654, 122.09, 117.577, 116.346, 117.369, 124.374, 118.542, 138.191, 115.764, 110.251, 119.663, 117.676, 136.119, 117.735, 117.133, 116.666, 117.651, 117.743, 119.744, 118.366, 120.924, 120.884, 0.0, 117.323, 121.0, 101.764, 117.893, 102.372, 120.014, 117.917, 15.261, 116.548], [14.463, 5.076, 7.12, 2.927, 2.988, 7.11, 3.143, 7.09, 5.002, 3.137, 3.93, 9.992, 0.768, 122.776, 123.119, 7.125, 7.125, 2.593, 0.84, 4.722, 7.084, 9.979, 7.105, 1.528, 0.063, 18.336, 5.944, 124.134, 1.855, 14.535, 2.385, 7.087, 124.1, 7.191, 0.309, 0.676, 7.129, 7.084, 3.982, 6.003, 4.69, 4.861, 117.323, 0.0, 4.921, 20.866, 2.244, 20.666, 5.23, 3.566, 103.259, 3.697], [10.003, 0.996, 5.15, 7.804, 7.9, 5.109, 8.032, 5.117, 0.999, 8.032, 1.301, 6.301, 5.678, 127.327, 126.713, 5.166, 5.161, 7.504, 5.761, 0.256, 5.148, 5.673, 5.217, 6.44, 4.857, 14.235, 3.593, 128.527, 6.756, 19.325, 4.004, 5.135, 128.537, 5.175, 5.227, 5.525, 5.184, 5.086, 1.259, 3.786, 0.279, 0.122, 121.0, 4.921, 0.0, 25.778, 3.287, 25.584, 1.589, 3.096, 106.765, 4.47], [34.54, 25.911, 25.984, 17.976, 17.88, 26.005, 17.746, 25.97, 25.836, 17.746, 24.682, 29.604, 20.125, 104.608, 107.89, 25.976, 25.98, 18.276, 20.027, 25.586, 25.933, 30.191, 25.901, 19.372, 20.93, 37.577, 25.634, 106.898, 19.021, 8.647, 22.486, 25.95, 106.607, 26.062, 20.566, 20.252, 25.965, 25.989, 24.734, 25.577, 25.554, 25.71, 101.764, 20.866, 25.778, 0.0, 22.688, 0.679, 25.795, 23.601, 88.675, 22.694], [12.285, 3.821, 4.959, 4.768, 4.937, 4.944, 5.008, 4.928, 3.762, 5.019, 2.042, 7.75, 2.967, 124.983, 123.634, 4.966, 4.964, 4.55, 2.967, 3.167, 4.926, 7.8, 4.956, 3.681, 2.19, 16.1, 3.708, 126.366, 3.813, 16.683, 3.192, 4.927, 126.327, 5.025, 2.531, 2.631, 4.972, 4.917, 2.092, 3.776, 3.136, 3.191, 117.893, 2.244, 3.287, 22.688, 0.0, 22.526, 3.129, 1.349, 103.715, 1.985], [34.452, 25.693, 25.923, 17.793, 17.684, 25.943, 17.56, 25.909, 25.618, 17.558, 24.507, 29.531, 19.918, 104.445, 108.505, 25.916, 25.92, 18.08, 19.826, 25.389, 25.873, 30.081, 25.843, 19.162, 20.73, 37.553, 25.534, 106.676, 18.828, 8.121, 22.233, 25.89, 106.4, 26.002, 20.363, 20.061, 25.906, 25.927, 24.56, 25.482, 25.356, 25.52, 102.372, 20.666, 25.584, 0.679, 22.526, 0.0, 25.642, 23.468, 89.306, 22.591], [9.242, 2.583, 3.562, 7.896, 8.06, 3.521, 8.137, 3.529, 2.588, 8.147, 1.402, 5.045, 5.993, 127.986, 125.695, 3.579, 3.573, 7.67, 6.026, 1.766, 3.561, 4.768, 3.631, 6.74, 5.169, 13.248, 2.015, 129.294, 6.928, 19.762, 5.01, 3.547, 129.276, 3.586, 5.537, 5.719, 3.597, 3.497, 1.359, 2.211, 1.766, 1.487, 120.014, 5.23, 1.589, 25.795, 3.129, 25.642, 0.0, 2.297, 105.72, 3.559], [11.133, 3.908, 3.614, 5.856, 6.069, 3.598, 6.099, 3.582, 3.869, 6.118, 1.836, 6.478, 4.258, 126.208, 123.623, 3.621, 3.62, 5.698, 4.235, 3.082, 3.583, 6.669, 3.615, 4.937, 3.516, 14.834, 2.381, 127.632, 4.99, 17.862, 4.379, 3.583, 127.582, 3.68, 3.84, 3.877, 3.628, 3.571, 1.866, 2.436, 3.058, 2.977, 117.917, 3.566, 3.096, 23.601, 1.349, 23.468, 2.297, 0.0, 103.671, 1.373], [109.93, 107.495, 103.275, 100.813, 100.982, 103.322, 100.699, 103.29, 107.443, 100.738, 105.478, 106.045, 102.833, 127.961, 20.125, 103.256, 103.264, 101.26, 102.648, 106.729, 103.239, 107.603, 103.161, 102.349, 103.304, 109.579, 104.186, 136.055, 101.758, 97.007, 105.621, 103.261, 134.164, 103.315, 103.084, 102.613, 103.234, 103.328, 105.515, 104.004, 106.702, 106.647, 15.261, 103.259, 106.765, 88.675, 103.715, 89.306, 105.72, 103.671, 0.0, 102.299], [11.871, 5.266, 3.651, 5.338, 5.611, 3.652, 5.575, 3.626, 5.224, 5.604, 3.202, 7.019, 4.231, 125.72, 122.252, 3.651, 3.652, 5.281, 4.147, 4.451, 3.607, 7.498, 3.609, 4.776, 3.665, 15.307, 2.943, 127.244, 4.659, 17.338, 5.159, 3.616, 127.168, 3.728, 3.9, 3.769, 3.649, 3.63, 3.234, 2.901, 4.427, 4.351, 116.548, 3.697, 4.47, 22.694, 1.985, 22.591, 3.559, 1.373, 102.299, 0.0]]\n"
   ]
  },
  {
   "cell_type": "code",
   "execution_count": null,
   "metadata": {},
   "outputs": [],
   "source": []
  },
  {
   "cell_type": "code",
   "execution_count": null,
   "metadata": {},
   "outputs": [],
   "source": []
  },
  {
   "cell_type": "code",
   "execution_count": 190,
   "metadata": {},
   "outputs": [],
   "source": [
    "iterations = {key:[] for key in path}\n",
    "model = cp_model.CpModel()\n",
    "# time slots|\n",
    "mornings = []\n",
    "afternoons = []\n",
    "evenings = []\n",
    "# xij= np.array([[model.NewBoolVar(f\"{path[i]}_{path[j]}\") for j in range(0,len(path))] for i in range(0,len(path)) ])\n",
    "for i in range(len(path)):\n",
    "    morning =  \"morning_\" + path[i] \n",
    "    evening = \"evening_\" + path[i] \n",
    "    afternoon =  \"afternoon_\" + path[i] \n",
    "    morning = model.NewBoolVar(morning)\n",
    "    evening = model.NewBoolVar(evening)\n",
    "    afternoon = model.NewBoolVar(afternoon)\n",
    "    iterations[path[i]].extend([morning,afternoon,evening])\n",
    "    mornings.append(morning)\n",
    "    afternoons.append(afternoon)\n",
    "    evenings.append(evening)\n",
    "\n",
    "# p = len(path)\n",
    "# ui = []\n",
    "# for i in range(p):\n",
    "#     ui.append(model.NewBoolVar(f\"ui_{i}\"))\n",
    "# locations = []\n",
    "# for loc in path:\n",
    "#     locations.append(model.NewBoolVar(loc))\n",
    "\n",
    "days = list(zip(mornings,afternoons,evenings))"
   ]
  },
  {
   "cell_type": "code",
   "execution_count": null,
   "metadata": {},
   "outputs": [],
   "source": []
  },
  {
   "cell_type": "code",
   "execution_count": 191,
   "metadata": {},
   "outputs": [],
   "source": [
    "for day in days:\n",
    "    model.Add( day[0] + day[1] + day[2] == 1)\n",
    "\n",
    "## cost for each poi\n",
    "# variables = []\n",
    "# for items in iterations.values():\n",
    "#     variables.extend([np.random.randint(0,10) * item for item in items])\n",
    "# model.Add(sum(mornings) <= len(path)//2)\n",
    "# model.Add(sum(afternoons) <= len(path)//2)\n",
    "# model.Add(sum(evenings) <= len(path)//2)\n",
    "# values = list(iterations.values())\n",
    "# for val in values:\n",
    "#     for i in range(1,len(val),3):\n",
    "#         model.Add(val[i-1] <= val[i])\n",
    "\n",
    "for i in range(1,len(mornings)):\n",
    "    model.Add(mornings[i - 1] + mornings[i] == 1)\n",
    "\n",
    "for i in range(1,len(evenings),3):\n",
    "    model.Add(evenings[i - 1] + evenings[i] == 1)"
   ]
  },
  {
   "cell_type": "code",
   "execution_count": null,
   "metadata": {},
   "outputs": [],
   "source": []
  },
  {
   "cell_type": "code",
   "execution_count": 192,
   "metadata": {},
   "outputs": [],
   "source": [
    " #### tsp\n",
    "# for i in range(len(path)):\n",
    "#     model.Add(sum([xij[i,j] for j in range(len(path)) if i != j]) == 1)    \n",
    "\n",
    "# for j in range(len(path)):\n",
    "#     model.Add(sum([xij[i,j] for i in range(len(path)) if i!=j]) == 1)    \n",
    "# for i in range(1,p):\n",
    "#     for j in range(1,p):\n",
    "#         if i != j and (i!=0 and j!=0):\n",
    "#             model.Add(ui[j] >= ui[i] + 1 - 2*p * (1-xij[i][j]))\n"
   ]
  },
  {
   "cell_type": "code",
   "execution_count": null,
   "metadata": {},
   "outputs": [],
   "source": []
  },
  {
   "cell_type": "code",
   "execution_count": 193,
   "metadata": {},
   "outputs": [],
   "source": [
    "pois = []\n",
    "for i in range(len(cij)):\n",
    "    for day in days:\n",
    "        pois.extend([int(cij[i][0]) for d in day])"
   ]
  },
  {
   "cell_type": "code",
   "execution_count": 194,
   "metadata": {},
   "outputs": [],
   "source": [
    "model.Maximize(sum(pois))\n",
    "# model.Minimize(sum([xij[i][j] * np.random.randint(0,5) for i in range(len(path)) for j in range(len(path)) if i != j]))"
   ]
  },
  {
   "cell_type": "code",
   "execution_count": null,
   "metadata": {},
   "outputs": [],
   "source": []
  },
  {
   "cell_type": "code",
   "execution_count": 195,
   "metadata": {
    "scrolled": true
   },
   "outputs": [
    {
     "name": "stdout",
     "output_type": "stream",
     "text": [
      "Maximum of objective function: 147075\n",
      "\n",
      "0 value:  0\n",
      "0 value:  0\n",
      "0 value:  0\n",
      "0 value:  0\n",
      "0 value:  0\n",
      "0 value:  0\n",
      "0 value:  0\n",
      "0 value:  0\n",
      "0 value:  0\n",
      "0 value:  0\n",
      "0 value:  0\n",
      "0 value:  0\n",
      "0 value:  0\n",
      "0 value:  0\n",
      "0 value:  0\n",
      "0 value:  0\n",
      "0 value:  0\n",
      "0 value:  0\n",
      "0 value:  0\n",
      "0 value:  0\n",
      "0 value:  0\n",
      "0 value:  0\n",
      "0 value:  0\n",
      "0 value:  0\n",
      "0 value:  0\n",
      "0 value:  0\n",
      "0 value:  0\n",
      "0 value:  0\n",
      "0 value:  0\n",
      "0 value:  0\n",
      "0 value:  0\n",
      "0 value:  0\n",
      "0 value:  0\n",
      "0 value:  0\n",
      "0 value:  0\n",
      "0 value:  0\n",
      "0 value:  0\n",
      "0 value:  0\n",
      "0 value:  0\n",
      "0 value:  0\n",
      "0 value:  0\n",
      "0 value:  0\n",
      "0 value:  0\n",
      "0 value:  0\n",
      "0 value:  0\n",
      "0 value:  0\n",
      "0 value:  0\n",
      "0 value:  0\n",
      "0 value:  0\n",
      "0 value:  0\n",
      "0 value:  0\n",
      "0 value:  0\n",
      "0 value:  0\n",
      "0 value:  0\n",
      "0 value:  0\n",
      "0 value:  0\n",
      "0 value:  0\n",
      "0 value:  0\n",
      "0 value:  0\n",
      "0 value:  0\n",
      "0 value:  0\n",
      "0 value:  0\n",
      "0 value:  0\n",
      "0 value:  0\n",
      "0 value:  0\n",
      "0 value:  0\n",
      "0 value:  0\n",
      "0 value:  0\n",
      "0 value:  0\n",
      "0 value:  0\n",
      "0 value:  0\n",
      "0 value:  0\n",
      "0 value:  0\n",
      "0 value:  0\n",
      "0 value:  0\n",
      "0 value:  0\n",
      "0 value:  0\n",
      "0 value:  0\n",
      "0 value:  0\n",
      "0 value:  0\n",
      "0 value:  0\n",
      "0 value:  0\n",
      "0 value:  0\n",
      "0 value:  0\n",
      "0 value:  0\n",
      "0 value:  0\n",
      "0 value:  0\n",
      "0 value:  0\n",
      "0 value:  0\n",
      "0 value:  0\n",
      "0 value:  0\n",
      "0 value:  0\n",
      "0 value:  0\n",
      "0 value:  0\n",
      "0 value:  0\n",
      "0 value:  0\n",
      "0 value:  0\n",
      "0 value:  0\n",
      "0 value:  0\n",
      "0 value:  0\n",
      "0 value:  0\n",
      "0 value:  0\n",
      "0 value:  0\n",
      "0 value:  0\n",
      "0 value:  0\n",
      "0 value:  0\n",
      "0 value:  0\n",
      "0 value:  0\n",
      "0 value:  0\n",
      "0 value:  0\n",
      "0 value:  0\n",
      "10 value:  10\n",
      "10 value:  10\n",
      "10 value:  10\n",
      "10 value:  10\n",
      "10 value:  10\n",
      "10 value:  10\n",
      "10 value:  10\n",
      "10 value:  10\n",
      "10 value:  10\n",
      "10 value:  10\n",
      "10 value:  10\n",
      "10 value:  10\n",
      "10 value:  10\n",
      "10 value:  10\n",
      "10 value:  10\n",
      "10 value:  10\n",
      "10 value:  10\n",
      "10 value:  10\n",
      "10 value:  10\n",
      "10 value:  10\n",
      "10 value:  10\n",
      "10 value:  10\n",
      "10 value:  10\n",
      "10 value:  10\n",
      "10 value:  10\n",
      "10 value:  10\n",
      "10 value:  10\n",
      "10 value:  10\n",
      "10 value:  10\n",
      "10 value:  10\n",
      "10 value:  10\n",
      "10 value:  10\n",
      "10 value:  10\n",
      "10 value:  10\n",
      "10 value:  10\n",
      "10 value:  10\n",
      "10 value:  10\n",
      "10 value:  10\n",
      "10 value:  10\n",
      "10 value:  10\n",
      "10 value:  10\n",
      "10 value:  10\n",
      "10 value:  10\n",
      "10 value:  10\n",
      "10 value:  10\n",
      "10 value:  10\n",
      "10 value:  10\n",
      "10 value:  10\n",
      "10 value:  10\n",
      "10 value:  10\n",
      "10 value:  10\n",
      "10 value:  10\n",
      "10 value:  10\n",
      "10 value:  10\n",
      "10 value:  10\n",
      "10 value:  10\n",
      "10 value:  10\n",
      "10 value:  10\n",
      "10 value:  10\n",
      "10 value:  10\n",
      "10 value:  10\n",
      "10 value:  10\n",
      "10 value:  10\n",
      "10 value:  10\n",
      "10 value:  10\n",
      "10 value:  10\n",
      "10 value:  10\n",
      "10 value:  10\n",
      "10 value:  10\n",
      "10 value:  10\n",
      "10 value:  10\n",
      "10 value:  10\n",
      "10 value:  10\n",
      "10 value:  10\n",
      "10 value:  10\n",
      "10 value:  10\n",
      "10 value:  10\n",
      "10 value:  10\n",
      "10 value:  10\n",
      "10 value:  10\n",
      "10 value:  10\n",
      "10 value:  10\n",
      "10 value:  10\n",
      "10 value:  10\n",
      "10 value:  10\n",
      "10 value:  10\n",
      "10 value:  10\n",
      "10 value:  10\n",
      "10 value:  10\n",
      "10 value:  10\n",
      "10 value:  10\n",
      "10 value:  10\n",
      "10 value:  10\n",
      "10 value:  10\n",
      "10 value:  10\n",
      "10 value:  10\n",
      "10 value:  10\n",
      "10 value:  10\n",
      "10 value:  10\n",
      "10 value:  10\n",
      "10 value:  10\n",
      "10 value:  10\n",
      "10 value:  10\n",
      "10 value:  10\n",
      "10 value:  10\n",
      "10 value:  10\n",
      "10 value:  10\n",
      "10 value:  10\n",
      "10 value:  10\n",
      "10 value:  10\n",
      "10 value:  10\n",
      "8 value:  8\n",
      "8 value:  8\n",
      "8 value:  8\n",
      "8 value:  8\n",
      "8 value:  8\n",
      "8 value:  8\n",
      "8 value:  8\n",
      "8 value:  8\n",
      "8 value:  8\n",
      "8 value:  8\n",
      "8 value:  8\n",
      "8 value:  8\n",
      "8 value:  8\n",
      "8 value:  8\n",
      "8 value:  8\n",
      "8 value:  8\n",
      "8 value:  8\n",
      "8 value:  8\n",
      "8 value:  8\n",
